frames 1491 at 30 fps = 49.70s
sheet_01.png  0.00s - 3.75s
sheet_02.png  4.00s - 7.75s
sheet_03.png  8.00s - 11.75s
sheet_04.png  12.00s - 15.75s
sheet_05.png  16.00s - 19.75s
sheet_06.png  20.00s - 23.75s
sheet_07.png  24.00s - 27.75s
sheet_08.png  28.00s - 31.75s
sheet_09.png  32.00s - 35.75s
sheet_10.png  36.00s - 39.75s
sheet_11.png  40.00s - 43.75s
sheet_12.png  44.00s - 47.75s
sheet_13.png  48.00s - 49.70s
hard cuts (s): 2.233 3.533 4.533 6.200 7.700 9.867 13.700 14.633 16.367 18.933 22.000 23.633 29.200 31.467 32.967 34.767 35.767 37.133 39.200 42.467 44.267 45.967 47.300 48.333
luminance every 0.5s: 229 229 229 230 230 79 74 74 202 201 174 173 172 77 75 75 165 165 166 165 208 208 208 205 202 187 187 187 172 172 76 77 75 169 169 169 170 170 78 75 74 77 75 76 174 173 171 171 200 198 197 209 217 217 188 188 188 190 190 173 173 172 173 77 76 76 212 210 210 210 169 167 230 230 230 188 189 190 190 173 173 173 172 172 172 229 229 229 229 81 84 78 228 227 228 197 197 216 216 216
RMS dB every 0.25s: -59 -17 -33 -28 -24 -24 -21 -23 -37 -56 -13 -18 -14 -24 -46 -19 -23 -17 -32 -23 -29 -37 -21 -20 -35 -13 -16 -29 -18 -24 -52 -23 -16 -16 -13 -16 -28 -30 -38 -46 -15 -34 -37 -32 -29 -19 -15 -29 -26 -40 -11 -23 -23 -22 -23 -24 -23 -17 -27 -21 -34 -31 -16 -17 -28 -34 -10 -11 -14 -14 -13 -15 -17 -29 -11 -40 -24 -20 -18 -29 -29 -38 -25 -15 -14 -18 -26 -16 -41 -20 -17 -19 -23 -16 -22 -15 -32 -15 -16 -33 -38 -12 -14 -14 -11 -15 -17 -23 -19 -18 -26 -21 -19 -32 -18 -19 -22 -16 -22 -35 -19 -34 -33 -33 -32 -21 -23 -34 -20 -28 -45 -45 -44 -32 -22 -23 -18 -14 -26 -24 -31 -17 -33 -20 -17 -20 -20 -27 -56 -26 -19 -24 -37 -15 -19 -22 -20 -30 -21 -44 -21 -35 -15 -29 -21 -22 -28 -22 -25 -19 -16 -30 -17 -29 -29 -26 -39 -33 -12 -11 -27 -21 -25 -23 -23 -28 -20 -22 -27 -43 -23 -13 -33 -17 -26 -36 -28 -28 -40
onsets (s): 0.14 0.21 0.39 0.53 2.35 2.67 2.76 2.83 3.00 3.60 3.88 4.25 4.83 5.29 5.64 7.99 8.43 9.87 10.01 10.38 11.15 11.26 11.47 12.56 12.82 13.05 14.70 15.70 16.46 16.67 16.83 17.16 18.39 18.92 19.09 19.83 20.39 20.55 22.48 23.71 25.12 25.24 25.57 25.96 26.19 26.66 28.40 30.56 31.81 32.28 33.02 33.27 33.90 35.25 37.18 37.31 37.50 39.89 40.08 42.05 42.77 44.42 44.74 44.86 45.02 45.33 46.30 47.51 47.65
note: the kit analyzer's 480x270 sheets squash this 9:16 film; use sheets2fps/ instead
