frames 900 at 60 fps = 15.00s
sheet_01.jpg  0.00s - 2.50s
sheet_02.jpg  2.67s - 5.17s
sheet_03.jpg  5.33s - 7.83s
sheet_04.jpg  8.00s - 10.50s
sheet_05.jpg  10.67s - 13.17s
sheet_06.jpg  13.33s - 15.00s
hard cuts (s): 1.833 4.650 7.117 7.433 9.300 10.233 11.150 11.617 12.083 12.317 12.783
luminance every 0.5s: 14 14 14 14 236 234 219 212 231 216 26 17 42 57 57 55 18 19 16 27 22 54 57 233 30 48 66 24 24 27
RMS dB every 0.25s: -19 -18 -15 -21 -19 -28 -19 -18 -21 -24 -26 -24 -14 -13 -19 -15 -20 -20 -18 -14 -16 -21 -20 -19 -20 -13 -14 -16 -17 -31 -8 -16 -13 -15 -17 -15 -21 -17 -15 -13 -16 -10 -15 -11 -17 -14 -19 -20 -19 -23 -26 -24 -19 -14 -13 -16 -12 -21 -20 -34
onsets (s): 0.21 0.67 0.91 1.25 1.60 2.07 2.30 2.53 2.76 3.00 3.46 3.69 3.92 4.16 4.39 4.62 4.97 5.32 5.67 6.25 6.48 7.43 7.50 7.87 10.22 13.00 13.14 13.19 13.35 13.93
cut offset from nearest beat (ms, beat 0.4651s, phase 0): -27 -1 +140 -9 -2 +1 -13 -11 -10 +224 +225
cut offset from nearest half beat (ms): -27 -1 -93 -9 -2 +1 -13 -11 -10 -9 -7
